-3.0402
-3.0209
-3.0161
-2.9947
-2.9886
-2.9739
-2.9706
-2.9666
-2.9514
-2.9272
-2.9208
-2.9129
-2.9153
-2.894
-2.8894
-2.8696
-2.8635
-2.861
-2.8033
-2.706
-2.6163
-2.5467
-2.4747
-2.4002
-2.3715
-2.4075
-2.4551
-2.4985
-2.5839
-2.6971
-2.7963
-2.8629
-2.8961
-2.8922
-2.9065
-2.9102
-2.9205
-2.9651
-2.944
-2.4191
-0.83496
0.81543
1.4023
0.8551
-0.89386
-2.1552
-2.7679
-3.0704
-3.1158
-3.0234
-2.9071
-2.7991
-2.7048
-2.6282
-2.58
-2.5308
-2.46
-2.3785
-2.2955
-2.2122
-2.1069
-1.9934
-1.8594
-1.7032
-1.5424
-1.4145
-1.3016
-1.2476
-1.2543
-1.3132
-1.4478
-1.6614
-1.922
-2.2031
-2.4695
-2.6974
-2.8986
-3.035
-3.1332
-3.2059
-3.2364
-3.2669
-3.2654
-3.2495
-3.2315
-3.208
-3.186
-3.1558
-3.1506
-3.1583
-3.1641
-3.1403
-3.129
-3.1311
-3.1314
-3.1421
-3.1528
-3.154
-3.1464
-3.1458
-3.143
-3.1345
-3.1189
-3.1198
-3.1146
-3.1143
-3.1015
-3.0695
-3.0307
-3.0173
-2.9987
-2.9959
-3.0103
-3.0136
-3.0112
-2.9971
-2.9733
-2.9205
-2.8229
-2.7481
-2.6694
-2.5616
-2.4841
-2.4738
-2.4933
-2.5333
-2.5858
-2.6862
-2.7963
-2.8534
-2.8882
-2.9166
-2.9437
-2.9575
-2.955
-2.9605
-3.0017
-2.952
-2.2311
-0.48096
0.91187
1.4081
0.5188
-1.2747
-2.3752
-2.9153
-3.1787
-3.1793
-3.0487
-2.9028
-2.7765
-2.6776
-2.5876
-2.511
-2.4289
-2.3495
-2.2882
-2.2061
-2.1283
-2.0322
-1.9232
-1.7938
-1.6544
-1.517
-1.3754
-1.2607
-1.2048
-1.2033
-1.264
-1.4252
-1.651
-1.9131
-2.1875
-2.4387
-2.6584
-2.8378
-2.9572
-3.0426
-3.0988
-3.1268
-3.1348
-3.1296
-3.1052
-3.0823
-3.0661
-3.0444
-3.0206
-2.9996
-2.9797
-2.9752
-2.973
-2.9739
-2.9803
-2.9846
-2.9855
-2.9861
-2.9886
-2.9849
-2.9773
-2.9788
-2.955
-2.923
-2.9181
-2.9144
-2.9199
-2.9086
-2.8891
-2.8729
-2.8632
-2.796
-2.6831
-2.5943
-2.5058
-2.3959
-2.3276
-2.3514
-2.4033
-2.4368
-2.4963
-2.5958
-2.7106
-2.7972
-2.8503
-2.8766
-2.8964
-2.8961
-2.8891
-2.897
-2.9486
-2.851
-2.0221
-0.11353
1.1096
1.5228
0.49744
-1.355
-2.3578
-2.8635
-3.0685
-3.0365
-2.9147
-2.7936
-2.7023
-2.6141
-2.5131
-2.4463
-2.3688
-2.2702
-2.1835
-2.0926
-2.0114
-1.8979
-1.7551
-1.619
-1.4743
-1.3229
-1.1853
-1.1099
-1.0736
-1.0739
-1.1819
-1.3657
-1.6092
-1.8896
-2.175
-2.4417
-2.6675
-2.8409
-2.9724
-3.0624
-3.1064
-3.1351
-3.1247
-3.1052
-3.0936
-3.0911
-3.0728
-3.0481
-3.0273
-3.0194
-3.0136
-3.0096
-3.0261
-3.0426
-3.0402
-3.0362
-3.0377
-3.0383
-3.0429
-3.0588
-3.0603
-3.0698
-3.0667
-3.0634
-3.0573
-3.0563
-3.0331
-3.0096
-2.9898
-2.9764
-2.9727
-2.9587
-2.9611
-2.9462
-2.8522
-2.738
-2.6581
-2.5717
-2.4808
-2.4347
-2.4817
-2.5418
-2.5894
-2.652
-2.7478
-2.8549
-2.9163
-2.9474
-2.9449
-2.9446
-2.9568
-2.9639
-2.9871
-3.0301
-2.645
-1.297
0.57617
1.3184
1.1615
-0.49774
-1.9366
-2.6102
-2.9501
-3.0585
-3.0289
-2.9614
-2.8867
-2.7811
-2.6907
-2.6242
-2.5516
-2.4771
-2.403
-2.3416
-2.2711
-2.1643
-2.038
-1.8991
-1.7432
-1.5979
-1.4618
-1.322
-1.2637
-1.2433
-1.2805
-1.3989
-1.6113
-1.8851
-2.1793
-2.457
-2.7109
-2.9141
-3.0664
-3.1763
-3.2462
-3.2864
-3.2919
-3.269
-3.248
-3.2266
-3.2031
-3.1784
-3.1763
-3.1894
-3.1812
-3.1717
-3.1622
-3.1616
-3.1537
-3.1583
-3.1683
-3.1683
-3.157
-3.1631
-3.1491
-3.1418
-3.1461
-3.1494
-3.1415
-3.1253
-3.1097
-3.0975
-3.0725
-3.06
-3.0621
-3.0545
-3.0228
-3.0057
-2.9938
-2.9822
-2.9388
-2.8256
-2.7151
-2.6471
-2.5607
-2.4759
-2.4725
-2.5204
-2.5638
-2.612
-2.7029
-2.8183
-2.8995
-2.955
-2.9926
-3.0209
-3.0292
-3.0292
-3.0545
-3.1042
-2.9898
-2.2107
-0.34302
0.99304
1.4511
0.40466
-1.3992
-2.4149
-2.9123
-3.1082
-3.0966
-2.9996
-2.9102
-2.8271
-2.7478
-2.6709
-2.6016
-2.518
-2.4454
-2.3538
-2.2806
-2.1808
-2.0929
-1.9864
-1.8533
-1.6943
-1.5308
-1.3785
-1.2683
-1.2033
-1.2051
-1.2912
-1.47
-1.7145
-1.9946
-2.2711
-2.5281
-2.7576
-2.9398
-3.0734
-3.1677
-3.2037
-3.215
-3.2141
-3.2037
-3.1851
-3.1546
-3.1393
-3.1354
-3.125
-3.118
-3.1155
-3.0966
-3.0905
-3.0957
-3.1104
-3.1094
-3.1018
-3.1055
-3.1183
-3.1293
-3.1137
-3.1171
-3.1171
-3.0865
-3.0643
-3.0585
-3.0515
-3.0453
-3.0463
-3.0328
-3.0197
-2.9984
-2.9834
-2.9779
-2.9715
-2.9739
-2.9044
-2.7747
-2.6703
-2.6007
-2.4854
-2.395
-2.3929
-2.4393
-2.496
-2.5446
-2.6334
-2.7591
-2.8488
-2.8934
-2.9208
-2.9306
-2.9373
-2.9404
-2.963
-3.017
-2.8925
-2.0471
-0.13458
1.095
1.4713
0.31952
-1.4978
-2.475
-2.9498
-3.1421
-3.1198
-3.0228
-2.9272
-2.8314
-2.7521
-2.6736
-2.5882
-2.5171
-2.4493
-2.3605
-2.2604
-2.1829
-2.0786
-1.9672
-1.8295
-1.6684
-1.5118
-1.3693
-1.2723
-1.2222
-1.2442
-1.3232
-1.485
-1.7157
-1.9839
-2.2586
-2.518
-2.7454
-2.9303
-3.0624
-3.1476
-3.1946
-3.2068
-3.1992
-3.1927
-3.1653
-3.1503
-3.1299
-3.1186
-3.1042
-3.1012
-3.1064
-3.1107
-3.1006
-3.0823
-3.0768
-3.0835
-3.0832
-3.071
-3.0685
-3.0692
-3.0707
-3.0661
-3.0728
-3.0725
-3.0524
-3.0319
-3.0203
-2.9971
-2.9709
-2.9739
-2.9669
-2.9568
-2.9373
-2.8302
-2.7158
-2.6273
-2.5302
-2.4188
-2.3877
-2.4225
-2.4762
-2.5305
-2.6111
-2.7286
-2.8339
-2.8976
-2.9385
-2.9587
-2.9639
-2.9572
-2.9575
-2.9865
-3.0197
-2.6288
-1.2836
0.55481
1.2967
1.069
-0.59387
-2.0596
-2.7231
-3.0942
-3.23
-3.1531
-3.0194
-2.9221
-2.8308
-2.749
-2.6657
-2.5708
-2.471
-2.3886
-2.2998
-2.2174
-2.1182
-1.9849
-1.8652
-1.7383
-1.5945
-1.4664
-1.3821
-1.2997
-1.261
-1.2894
-1.4005
-1.6037
-1.8558
-2.1231
-2.3889
-2.6239
-2.8177
-2.9706
-3.075
-3.1332
-3.1622
-3.1674
-3.1564
-3.1464
-3.1293
-3.107
-3.0789
-3.0676
-3.0518
-3.0344
-3.0334
-3.0338
-3.0258
-3.0167
-3.0176
-3.0215
-3.0145
-3.0032
-2.9977
-2.9953
-2.9837
-2.9675
-2.9538
-2.9388
-2.9266
-2.9117
-2.8275
-2.7136
-2.6358
-2.572
-2.4817
-2.4246
-2.4622
-2.5189
-2.572
-2.6477
-2.7652
-2.8754
-2.9388
-2.9712
-2.9843
-2.9883
-2.9935
-2.9868
-3.0121
-3.0652
-2.757
-1.5237
0.42511
1.2476
1.2653
-0.28473
-1.9156
-2.663
-3.046
-3.1754
-3.1024
-2.9913
-2.9041
-2.8037
-2.7182
-2.6514
-2.5821
-2.5058
-2.4197
-2.3383
-2.272
-2.1716
-2.0313
-1.8936
-1.7535
-1.5872
-1.4359
-1.3254
-1.2442
-1.2222
-1.2555
-1.3943
-1.6217
-1.889
-2.1719
-2.4408
-2.6791
-2.879
-3.0289
-3.1281
-3.1839
-3.2098
-3.2333
-3.2236
-3.1876
-3.1415
-3.1149
-3.1125
-3.1158
-3.0951
-3.0701
-3.0533
-3.0493
-3.0673
-3.078
-3.0795
-3.0841
-3.0933
-3.0957
-3.0911
-3.1003
-3.1046
-3.1039
-3.1046
-3.0923
-3.0759
-3.0475
-2.9532
-2.8268
-2.735
-2.641
-2.54
-2.4954
-2.5323
-2.5943
-2.6465
-2.7203
-2.839
-2.9422
-3.0008
-3.0292
-3.0447
-3.0606
-3.0695
-3.0661
-3.0936
-3.1052
-2.6031
-1.1084
0.62927
1.3071
0.82977
-0.93811
-2.2485
-2.8613
-3.1375
-3.1424
-3.045
-2.9535
-2.8741
-2.7927
-2.7203
-2.6386
-2.5571
-2.4728
-2.3929
-2.3291
-2.2482
-2.1448
-2.0352
-1.8887
-1.7221
-1.5524
-1.398
-1.2985
-1.2448
-1.2494
-1.3107
-1.4447
-1.665
-1.954
-2.2443
-2.5015
-2.7261
-2.9102
-3.0579
-3.1311
-3.1613
-3.1592
-3.1418
-3.1415
-3.1201
-3.096
-3.074
-3.0438
-3.0069
-2.9956
-2.9916
-2.9755
-2.9626
-2.9678
-2.9718
-2.9709
-2.9813
-2.9889
-2.9932
-3.0005
-3.0014
-2.9453
-2.8452
-2.7515
-2.6541
-2.5568
-2.493
-2.5073
-2.5647
-2.6175
-2.6868
-2.8052
-2.9224
-2.995
-3.031
-3.0545
-3.0585
-3.0634
-3.0664
-3.0957
-3.1601
-2.9446
-1.8988
0.11841
1.1438
1.3272
-0.14801
-1.8918
-2.7094
-3.0957
-3.1833
-3.071
-2.9443
-2.8479
-2.7695
-2.7078
-2.6184
-2.5388
-2.4612
-2.3755
-2.2882
-2.1848
-2.0889
-1.991
-1.8405
-1.6483
-1.4969
-1.3538
-1.2628
-1.2122
-1.2027
-1.2222
-1.3544
-1.5744
-1.8475
-2.1353
-2.4023
-2.6346
-2.8024
-2.9413
-3.0194
-3.0624
-3.0734
-3.0762
-3.0426
-3.0261
-3.013
-2.9947
-2.9691
-2.9617
-2.9587
-2.9605
-2.9611
-2.9489
-2.9407
-2.9395
-2.9434
-2.9422
-2.9114
-2.8024
-2.6672
-2.6059
-2.536
-2.4371
-2.3831
-2.4094
-2.4762
-2.5198
-2.5772
-2.7011
-2.822
-2.8937
-2.9263
-2.9468
-2.9584
-2.9446
-2.9321
-2.9565
-3.0212
-2.8174
-1.7377
0.37109
1.3654
1.5546
0.047302
-1.7868
-2.6666
-3.0795
-3.1799
-3.0597
-2.9068
-2.8131
-2.7188
-2.6331
-2.5751
-2.5131
-2.4072
-2.3138
-2.2446
-2.1777
-2.084
-1.9757
-1.8375
-1.6803
-1.539
-1.3794
-1.2646
-1.2021
-1.188
-1.2354
-1.3831
-1.6187
-1.8961
-2.1817
-2.45
-2.6761
-2.8522
-2.9803
-3.049
-3.0731
-3.093
-3.0789
-3.0457
-3.0292
-3.0203
-3.0069
-2.9846
-2.9681
-2.9504
-2.9459
-2.963
-2.9654
-2.9654
-2.9642
-2.9572
